Action
fast: 0.09677419
furious: 0.09677419
shoot: 0.16129032
fun: 0.06451613
fly: 0.06451613
love: 0.06451613

Comedy
fun: 0.13793103
couple: 0.10344828
love: 0.10344828
fly: 0.06896552
fast: 0.06896552

